           1           0           0           0 val   0.0000000000000000     
           2           0           0           0 val   0.0000000000000000     
           1           0           1           0 val   0.0000000000000000     
           2           0           1           0 val   0.0000000000000000     
           1           0           2           0 val   0.0000000000000000     
           2           0           2           0 val   0.0000000000000000     
           1           0           3           0 val   0.0000000000000000     
           2           0           3           0 val   0.0000000000000000     
           1           0           4           0 val   0.0000000000000000     
           2           0           4           0 val   0.0000000000000000     
           1           0           5           0 val   0.0000000000000000     
           2           0           5           0 val   0.0000000000000000     
           1           0           6           0 val   0.0000000000000000     
           2           0           6           0 val   0.0000000000000000     
           1           0           7           0 val   0.0000000000000000     
           2           0           7           0 val   0.0000000000000000     
           1           0           8           0 val   0.0000000000000000     
           2           0           8           0 val   0.0000000000000000     
           1           0           9           0 val   0.0000000000000000     
           2           0           9           0 val   0.0000000000000000     
           1           0          10           0 val   0.0000000000000000     
           2           0          10           0 val   0.0000000000000000     
           1           0          11           0 val   0.0000000000000000     
           2           0          11           0 val   0.0000000000000000     
           1           0          12           0 val   0.0000000000000000     
           2           0          12           0 val   0.0000000000000000     
           1           0          13           0 val   0.0000000000000000     
           2           0          13           0 val   0.0000000000000000     
           1           0           0           1 val   0.0000000000000000     
           2           0           0           1 val   0.0000000000000000     
           1           0           1           1 val   1.5625000000000000E-005
           2           0           1           1 val   0.0000000000000000     
           1           0           2           1 val   0.0000000000000000     
           2           0           2           1 val   6.2500000000000015E-005
           1           0           3           1 val   0.0000000000000000     
           2           0           3           1 val   6.2500000000000015E-005
           1           0           4           1 val   0.0000000000000000     
           2           0           4           1 val   6.2500000000000015E-005
           1           0           5           1 val   0.0000000000000000     
           2           0           5           1 val   6.2500000000000001E-005
           1           0           6           1 val   0.0000000000000000     
           2           0           6           1 val   6.2499999999999961E-005
           1           0           7           1 val   0.0000000000000000     
           2           0           7           1 val   6.2500000000000042E-005
           1           0           8           1 val   0.0000000000000000     
           2           0           8           1 val   6.2500000000000056E-005
           1           0           9           1 val   0.0000000000000000     
           2           0           9           1 val   6.2499999999999974E-005
           1           0          10           1 val   0.0000000000000000     
           2           0          10           1 val   6.2499999999999974E-005
           1           0          11           1 val   0.0000000000000000     
           2           0          11           1 val   6.2499999999999879E-005
           1           0          12           1 val   0.0000000000000000     
           2           0          12           1 val   6.2500000000000056E-005
           1           0          13           1 val   0.0000000000000000     
           2           0          13           1 val   0.0000000000000000     
           1           0           0           2 val   0.0000000000000000     
           2           0           0           2 val   0.0000000000000000     
           1           0           1           2 val   0.0000000000000000     
           2           0           1           2 val   6.2500000000000015E-005
           1           0           2           2 val   0.0000000000000000     
           2           0           2           2 val   2.4999999999999995E-004
           1           0           3           2 val   0.0000000000000000     
           2           0           3           2 val   2.5000000000000006E-004
           1           0           4           2 val   0.0000000000000000     
           2           0           4           2 val   2.5000000000000011E-004
           1           0           5           2 val   0.0000000000000000     
           2           0           5           2 val   2.4999999999999984E-004
           1           0           6           2 val   0.0000000000000000     
           2           0           6           2 val   2.4999999999999973E-004
           1           0           7           2 val   0.0000000000000000     
           2           0           7           2 val   2.5000000000000022E-004
           1           0           8           2 val   0.0000000000000000     
           2           0           8           2 val   2.4999999999999990E-004
           1           0           9           2 val   0.0000000000000000     
           2           0           9           2 val   2.4999999999999990E-004
           1           0          10           2 val   0.0000000000000000     
           2           0          10           2 val   2.5000000000000006E-004
           1           0          11           2 val   0.0000000000000000     
           2           0          11           2 val   2.4999999999999930E-004
           1           0          12           2 val   0.0000000000000000     
           2           0          12           2 val   2.5000000000000017E-004
           1           0          13           2 val   0.0000000000000000     
           2           0          13           2 val   0.0000000000000000     
           1           0           0           3 val   0.0000000000000000     
           2           0           0           3 val   0.0000000000000000     
           1           0           1           3 val   0.0000000000000000     
           2           0           1           3 val   6.2500000000000015E-005
           1           0           2           3 val   0.0000000000000000     
           2           0           2           3 val   2.4999999999999995E-004
           1           0           3           3 val   0.0000000000000000     
           2           0           3           3 val   2.5000000000000001E-004
           1           0           4           3 val   0.0000000000000000     
           2           0           4           3 val   2.5000000000000033E-004
           1           0           5           3 val   0.0000000000000000     
           2           0           5           3 val   2.4999999999999979E-004
           1           0           6           3 val   0.0000000000000000     
           2           0           6           3 val   2.5000000000000011E-004
           1           0           7           3 val   0.0000000000000000     
           2           0           7           3 val   2.5000000000000006E-004
           1           0           8           3 val   0.0000000000000000     
           2           0           8           3 val   2.4999999999999984E-004
           1           0           9           3 val   0.0000000000000000     
           2           0           9           3 val   2.4999999999999973E-004
           1           0          10           3 val   0.0000000000000000     
           2           0          10           3 val   2.5000000000000011E-004
           1           0          11           3 val   0.0000000000000000     
           2           0          11           3 val   2.5000000000000076E-004
           1           0          12           3 val   0.0000000000000000     
           2           0          12           3 val   2.5000000000000011E-004
           1           0          13           3 val   0.0000000000000000     
           2           0          13           3 val   0.0000000000000000     
           1           0           0           4 val   0.0000000000000000     
           2           0           0           4 val   0.0000000000000000     
           1           0           1           4 val   0.0000000000000000     
           2           0           1           4 val   6.2500000000000015E-005
           1           0           2           4 val   0.0000000000000000     
           2           0           2           4 val   2.5000000000000006E-004
           1           0           3           4 val   0.0000000000000000     
           2           0           3           4 val   2.5000000000000017E-004
           1           0           4           4 val   0.0000000000000000     
           2           0           4           4 val   2.5000000000000017E-004
           1           0           5           4 val   0.0000000000000000     
           2           0           5           4 val   2.5000000000000006E-004
           1           0           6           4 val   0.0000000000000000     
           2           0           6           4 val   2.5000000000000038E-004
           1           0           7           4 val   0.0000000000000000     
           2           0           7           4 val   2.5000000000000044E-004
           1           0           8           4 val   0.0000000000000000     
           2           0           8           4 val   2.4999999999999984E-004
           1           0           9           4 val   0.0000000000000000     
           2           0           9           4 val   2.5000000000000082E-004
           1           0          10           4 val   0.0000000000000000     
           2           0          10           4 val   2.4999999999999963E-004
           1           0          11           4 val   0.0000000000000000     
           2           0          11           4 val   2.4999999999999984E-004
           1           0          12           4 val   0.0000000000000000     
           2           0          12           4 val   2.5000000000000022E-004
           1           0          13           4 val   0.0000000000000000     
           2           0          13           4 val   0.0000000000000000     
           1           0           0           5 val   0.0000000000000000     
           2           0           0           5 val   0.0000000000000000     
           1           0           1           5 val   0.0000000000000000     
           2           0           1           5 val   6.2500000000000001E-005
           1           0           2           5 val   0.0000000000000000     
           2           0           2           5 val   2.4999999999999984E-004
           1           0           3           5 val   0.0000000000000000     
           2           0           3           5 val   2.4999999999999984E-004
           1           0           4           5 val   0.0000000000000000     
           2           0           4           5 val   2.5000000000000006E-004
           1           0           5           5 val   0.0000000000000000     
           2           0           5           5 val   2.4999999999999952E-004
           1           0           6           5 val   0.0000000000000000     
           2           0           6           5 val   2.4999999999999952E-004
           1           0           7           5 val   0.0000000000000000     
           2           0           7           5 val   2.5000000000000093E-004
           1           0           8           5 val   0.0000000000000000     
           2           0           8           5 val   2.5000000000000022E-004
           1           0           9           5 val   0.0000000000000000     
           2           0           9           5 val   2.4999999999999887E-004
           1           0          10           5 val   0.0000000000000000     
           2           0          10           5 val   2.5000000000000022E-004
           1           0          11           5 val   0.0000000000000000     
           2           0          11           5 val   2.4999999999999887E-004
           1           0          12           5 val   0.0000000000000000     
           2           0          12           5 val   2.5000000000000044E-004
           1           0          13           5 val   0.0000000000000000     
           2           0          13           5 val   0.0000000000000000     
           1           0           0           6 val   0.0000000000000000     
           2           0           0           6 val   0.0000000000000000     
           1           0           1           6 val   0.0000000000000000     
           2           0           1           6 val   6.2499999999999934E-005
           1           0           2           6 val   0.0000000000000000     
           2           0           2           6 val   2.4999999999999979E-004
           1           0           3           6 val   0.0000000000000000     
           2           0           3           6 val   2.4999999999999963E-004
           1           0           4           6 val   0.0000000000000000     
           2           0           4           6 val   2.5000000000000006E-004
           1           0           5           6 val   0.0000000000000000     
           2           0           5           6 val   2.5000000000000055E-004
           1           0           6           6 val   0.0000000000000000     
           2           0           6           6 val   2.4999999999999952E-004
           1           0           7           6 val   0.0000000000000000     
           2           0           7           6 val   2.4999999999999963E-004
           1           0           8           6 val   0.0000000000000000     
           2           0           8           6 val   2.5000000000000022E-004
           1           0           9           6 val   0.0000000000000000     
           2           0           9           6 val   2.5000000000000066E-004
           1           0          10           6 val   0.0000000000000000     
           2           0          10           6 val   2.4999999999999811E-004
           1           0          11           6 val   0.0000000000000000     
           2           0          11           6 val   2.4999999999999979E-004
           1           0          12           6 val   0.0000000000000000     
           2           0          12           6 val   2.5000000000000277E-004
           1           0          13           6 val   0.0000000000000000     
           2           0          13           6 val   0.0000000000000000     
           1           0           0           7 val   0.0000000000000000     
           2           0           0           7 val   0.0000000000000000     
           1           0           1           7 val   0.0000000000000000     
           2           0           1           7 val   6.2500000000000056E-005
           1           0           2           7 val   0.0000000000000000     
           2           0           2           7 val   2.5000000000000022E-004
           1           0           3           7 val   0.0000000000000000     
           2           0           3           7 val   2.5000000000000022E-004
           1           0           4           7 val   0.0000000000000000     
           2           0           4           7 val   2.5000000000000093E-004
           1           0           5           7 val   0.0000000000000000     
           2           0           5           7 val   2.4999999999999860E-004
           1           0           6           7 val   0.0000000000000000     
           2           0           6           7 val   2.5000000000000104E-004
           1           0           7           7 val   0.0000000000000000     
           2           0           7           7 val   2.5000000000000022E-004
           1           0           8           7 val   0.0000000000000000     
           2           0           8           7 val   2.5000000000000022E-004
           1           0           9           7 val   0.0000000000000000     
           2           0           9           7 val   2.4999999999999887E-004
           1           0          10           7 val   0.0000000000000000     
           2           0          10           7 val   2.5000000000000044E-004
           1           0          11           7 val   0.0000000000000000     
           2           0          11           7 val   2.5000000000000163E-004
           1           0          12           7 val   0.0000000000000000     
           2           0          12           7 val   2.4999999999999746E-004
           1           0          13           7 val   0.0000000000000000     
           2           0          13           7 val   0.0000000000000000     
           1           0           0           8 val   0.0000000000000000     
           2           0           0           8 val   0.0000000000000000     
           1           0           1           8 val   0.0000000000000000     
           2           0           1           8 val   6.2499999999999974E-005
           1           0           2           8 val   0.0000000000000000     
           2           0           2           8 val   2.4999999999999995E-004
           1           0           3           8 val   0.0000000000000000     
           2           0           3           8 val   2.4999999999999990E-004
           1           0           4           8 val   0.0000000000000000     
           2           0           4           8 val   2.4999999999999952E-004
           1           0           5           8 val   0.0000000000000000     
           2           0           5           8 val   2.5000000000000163E-004
           1           0           6           8 val   0.0000000000000000     
           2           0           6           8 val   2.4999999999999887E-004
           1           0           7           8 val   0.0000000000000000     
           2           0           7           8 val   2.5000000000000022E-004
           1           0           8           8 val   0.0000000000000000     
           2           0           8           8 val   2.4999999999999887E-004
           1           0           9           8 val   0.0000000000000000     
           2           0           9           8 val   2.5000000000000093E-004
           1           0          10           8 val   0.0000000000000000     
           2           0          10           8 val   2.5000000000000022E-004
           1           0          11           8 val   0.0000000000000000     
           2           0          11           8 val   2.4999999999999746E-004
           1           0          12           8 val   0.0000000000000000     
           2           0          12           8 val   2.5000000000000022E-004
           1           0          13           8 val   0.0000000000000000     
           2           0          13           8 val   0.0000000000000000     
           1           0           0           9 val   0.0000000000000000     
           2           0           0           9 val   0.0000000000000000     
           1           0           1           9 val   0.0000000000000000     
           2           0           1           9 val   6.2500000000000056E-005
           1           0           2           9 val   0.0000000000000000     
           2           0           2           9 val   2.4999999999999995E-004
           1           0           3           9 val   0.0000000000000000     
           2           0           3           9 val   2.4999999999999995E-004
           1           0           4           9 val   0.0000000000000000     
           2           0           4           9 val   2.5000000000000093E-004
           1           0           5           9 val   0.0000000000000000     
           2           0           5           9 val   2.4999999999999887E-004
           1           0           6           9 val   0.0000000000000000     
           2           0           6           9 val   2.5000000000000022E-004
           1           0           7           9 val   0.0000000000000000     
           2           0           7           9 val   2.5000000000000234E-004
           1           0           8           9 val   0.0000000000000000     
           2           0           8           9 val   2.4999999999999811E-004
           1           0           9           9 val   0.0000000000000000     
           2           0           9           9 val   2.5000000000000022E-004
           1           0          10           9 val   0.0000000000000000     
           2           0          10           9 val   2.4999999999999746E-004
           1           0          11           9 val   0.0000000000000000     
           2           0          11           9 val   2.5000000000000022E-004
           1           0          12           9 val   0.0000000000000000     
           2           0          12           9 val   2.5000000000000255E-004
           1           0          13           9 val   0.0000000000000000     
           2           0          13           9 val   0.0000000000000000     
           1           0           0          10 val   0.0000000000000000     
           2           0           0          10 val   0.0000000000000000     
           1           0           1          10 val   0.0000000000000000     
           2           0           1          10 val   6.2499999999999974E-005
           1           0           2          10 val   0.0000000000000000     
           2           0           2          10 val   2.5000000000000006E-004
           1           0           3          10 val   0.0000000000000000     
           2           0           3          10 val   2.5000000000000001E-004
           1           0           4          10 val   0.0000000000000000     
           2           0           4          10 val   2.4999999999999952E-004
           1           0           5          10 val   0.0000000000000000     
           2           0           5          10 val   2.5000000000000022E-004
           1           0           6          10 val   0.0000000000000000     
           2           0           6          10 val   2.5000000000000022E-004
           1           0           7          10 val   0.0000000000000000     
           2           0           7          10 val   2.5000000000000022E-004
           1           0           8          10 val   0.0000000000000000     
           2           0           8          10 val   2.5000000000000022E-004
           1           0           9          10 val   0.0000000000000000     
           2           0           9          10 val   2.5000000000000022E-004
           1           0          10          10 val   0.0000000000000000     
           2           0          10          10 val   2.5000000000000022E-004
           1           0          11          10 val   0.0000000000000000     
           2           0          11          10 val   2.5000000000000022E-004
           1           0          12          10 val   0.0000000000000000     
           2           0          12          10 val   2.4999999999999654E-004
           1           0          13          10 val   0.0000000000000000     
           2           0          13          10 val   0.0000000000000000     
           1           0           0          11 val   0.0000000000000000     
           2           0           0          11 val   0.0000000000000000     
           1           0           1          11 val   0.0000000000000000     
           2           0           1          11 val   6.2499999999999974E-005
           1           0           2          11 val   0.0000000000000000     
           2           0           2          11 val   2.5000000000000017E-004
           1           0           3          11 val   0.0000000000000000     
           2           0           3          11 val   2.5000000000000066E-004
           1           0           4          11 val   0.0000000000000000     
           2           0           4          11 val   2.5000000000000049E-004
           1           0           5          11 val   0.0000000000000000     
           2           0           5          11 val   2.4999999999999887E-004
           1           0           6          11 val   0.0000000000000000     
           2           0           6          11 val   2.5000000000000022E-004
           1           0           7          11 val   0.0000000000000000     
           2           0           7          11 val   2.5000000000000022E-004
           1           0           8          11 val   0.0000000000000000     
           2           0           8          11 val   2.5000000000000022E-004
           1           0           9          11 val   0.0000000000000000     
           2           0           9          11 val   2.4999999999999746E-004
           1           0          10          11 val   0.0000000000000000     
           2           0          10          11 val   2.5000000000000212E-004
           1           0          11          11 val   0.0000000000000000     
           2           0          11          11 val   2.4999999999999930E-004
           1           0          12          11 val   0.0000000000000000     
           2           0          12          11 val   2.5000000000000022E-004
           1           0          13          11 val   0.0000000000000000     
           2           0          13          11 val   0.0000000000000000     
           1           0           0          12 val   0.0000000000000000     
           2           0           0          12 val   0.0000000000000000     
           1           0           1          12 val   0.0000000000000000     
           2           0           1          12 val   6.2499999999999974E-005
           1           0           2          12 val   0.0000000000000000     
           2           0           2          12 val   2.4999999999999957E-004
           1           0           3          12 val   0.0000000000000000     
           2           0           3          12 val   2.4999999999999892E-004
           1           0           4          12 val   0.0000000000000000     
           2           0           4          12 val   2.4999999999999952E-004
           1           0           5          12 val   0.0000000000000000     
           2           0           5          12 val   2.5000000000000141E-004
           1           0           6          12 val   0.0000000000000000     
           2           0           6          12 val   2.5000000000000001E-004
           1           0           7          12 val   0.0000000000000000     
           2           0           7          12 val   2.4999999999999746E-004
           1           0           8          12 val   0.0000000000000000     
           2           0           8          12 val   2.5000000000000022E-004
           1           0           9          12 val   0.0000000000000000     
           2           0           9          12 val   2.4999999999999973E-004
           1           0          10          12 val   0.0000000000000000     
           2           0          10          12 val   2.4999999999999930E-004
           1           0          11          12 val   0.0000000000000000     
           2           0          11          12 val   2.4999999999999795E-004
           1           0          12          12 val   0.0000000000000000     
           2           0          12          12 val   2.5000000000000022E-004
           1           0          13          12 val   0.0000000000000000     
           2           0          13          12 val   0.0000000000000000     
           1           0           0          13 val   0.0000000000000000     
           2           0           0          13 val   0.0000000000000000     
           1           0           1          13 val   0.0000000000000000     
           2           0           1          13 val   0.0000000000000000     
           1           0           2          13 val   0.0000000000000000     
           2           0           2          13 val   0.0000000000000000     
           1           0           3          13 val   0.0000000000000000     
           2           0           3          13 val   0.0000000000000000     
           1           0           4          13 val   0.0000000000000000     
           2           0           4          13 val   0.0000000000000000     
           1           0           5          13 val   0.0000000000000000     
           2           0           5          13 val   0.0000000000000000     
           1           0           6          13 val   0.0000000000000000     
           2           0           6          13 val   0.0000000000000000     
           1           0           7          13 val   0.0000000000000000     
           2           0           7          13 val   0.0000000000000000     
           1           0           8          13 val   0.0000000000000000     
           2           0           8          13 val   0.0000000000000000     
           1           0           9          13 val   0.0000000000000000     
           2           0           9          13 val   0.0000000000000000     
           1           0          10          13 val   0.0000000000000000     
           2           0          10          13 val   0.0000000000000000     
           1           0          11          13 val   0.0000000000000000     
           2           0          11          13 val   0.0000000000000000     
           1           0          12          13 val   0.0000000000000000     
           2           0          12          13 val   0.0000000000000000     
           1           0          13          13 val   0.0000000000000000     
           2           0          13          13 val   0.0000000000000000     
